p	Connected	No AP/B	Degree <= 4	All Conditions
0.000000	0.000000e+00	0.000000e+00	0.000000e+00	0.000000e+00
0.010000	2.243942e-09	2.828272e-13	2.185721e-09	2.827615e-13
0.020000	2.457232e-07	7.892259e-11	2.387536e-07	7.880118e-11
0.030000	3.589806e-06	2.156599e-09	3.478459e-06	2.147129e-09
0.040000	2.298255e-05	2.257019e-08	2.220277e-05	2.236819e-08
0.050000	9.360616e-05	1.389598e-07	9.013123e-05	1.368438e-07
0.060000	2.863516e-04	6.098799e-07	2.747186e-04	5.957475e-07
0.070000	7.188782e-04	2.115010e-06	6.869148e-04	2.045850e-06
0.080000	1.561496e-03	6.164721e-06	1.485502e-03	5.895246e-06
0.090000	3.036525e-03	1.571915e-05	2.874772e-03	1.483717e-05
0.100000	5.411129e-03	3.603979e-05	5.095647e-03	3.352461e-05
0.110000	8.984631e-03	7.577310e-05	8.411382e-03	6.935840e-05
0.120000	1.407195e-02	1.482386e-04	1.308960e-02	1.333229e-04
0.130000	2.098505e-02	2.728667e-04	1.938264e-02	2.407800e-04
0.140000	3.001430e-02	4.767069e-04	2.750824e-02	4.121186e-04
0.150000	4.141131e-02	7.959078e-04	3.763217e-02	6.731519e-04
0.160000	5.537456e-02	1.277059e-03	4.985414e-02	1.055166e-03
0.170000	7.203867e-02	1.978278e-03	6.419794e-02	1.594538e-03
0.180000	9.146762e-02	2.969938e-03	8.060610e-02	2.331884e-03
0.190000	1.136522e-01	4.334934e-03	9.893924e-02	3.310715e-03
0.200000	1.385110e-01	6.168418e-03	1.189798e-01	4.575637e-03
0.210000	1.658954e-01	8.576949e-03	1.404394e-01	6.170160e-03
0.220000	1.955967e-01	1.167704e-02	1.629696e-01	8.134224e-03
0.230000	2.273552e-01	1.559312e-02	1.861750e-01	1.050157e-02
0.240000	2.608715e-01	2.045495e-02	2.096272e-01	1.329713e-02
0.250000	2.958172e-01	2.639457e-02	2.328804e-01	1.653455e-02
0.260000	3.318469e-01	3.354288e-02	2.554862e-01	2.021409e-02
0.270000	3.686086e-01	4.202594e-02	2.770085e-01	2.432097e-02
0.280000	4.057538e-01	5.196126e-02	2.970359e-01	2.882435e-02
0.290000	4.429462e-01	6.345394e-02	3.151943e-01	3.367696e-02
0.300000	4.798694e-01	7.659320e-02	3.311557e-01	3.881553e-02
0.310000	5.162323e-01	9.144904e-02	3.446464e-01	4.416199e-02
0.320000	5.517738e-01	1.080694e-01	3.554524e-01	4.962534e-02
0.330000	5.862657e-01	1.264780e-01	3.634223e-01	5.510428e-02
0.340000	6.195140e-01	1.466725e-01	3.684687e-01	6.049030e-02
0.350000	6.513596e-01	1.686235e-01	3.705675e-01	6.567126e-02
0.360000	6.816776e-01	1.922746e-01	3.697552e-01	7.053519e-02
0.370000	7.103758e-01	2.175426e-01	3.661252e-01	7.497414e-02
0.380000	7.373923e-01	2.443187e-01	3.598219e-01	7.888799e-02
0.390000	7.626936e-01	2.724703e-01	3.510350e-01	8.218795e-02
0.400000	7.862707e-01	3.018436e-01	3.399918e-01	8.479961e-02
0.410000	8.081370e-01	3.322664e-01	3.269501e-01	8.666551e-02
0.420000	8.283243e-01	3.635516e-01	3.121901e-01	8.774695e-02
0.430000	8.468801e-01	3.955003e-01	2.960067e-01	8.802510e-02
0.440000	8.638646e-01	4.279065e-01	2.787016e-01	8.750137e-02
0.450000	8.793480e-01	4.605602e-01	2.605765e-01	8.619700e-02
0.460000	8.934076e-01	4.932515e-01	2.419259e-01	8.415188e-02
0.470000	9.061258e-01	5.257745e-01	2.230317e-01	8.142276e-02
0.480000	9.175881e-01	5.579305e-01	2.041574e-01	7.808096e-02
0.490000	9.278811e-01	5.895310e-01	1.855442e-01	7.420952e-02
0.500000	9.370915e-01	6.204010e-01	1.674074e-01	6.990014e-02
0.510000	9.453044e-01	6.503805e-01	1.499340e-01	6.524996e-02
0.520000	9.526026e-01	6.793273e-01	1.332812e-01	6.035832e-02
0.530000	9.590658e-01	7.071173e-01	1.175757e-01	5.532355e-02
0.540000	9.647698e-01	7.336465e-01	1.029140e-01	5.024015e-02
0.550000	9.697867e-01	7.588304e-01	8.936309e-02	4.519623e-02
0.560000	9.741840e-01	7.826048e-01	7.696246e-02	4.027130e-02
0.570000	9.780246e-01	8.049246e-01	6.572587e-02	3.553470e-02
0.580000	9.813671e-01	8.257640e-01	5.564418e-02	3.104440e-02
0.590000	9.842655e-01	8.451143e-01	4.668822e-02	2.684637e-02
0.600000	9.867693e-01	8.629835e-01	3.881192e-02	2.297445e-02
0.610000	9.889240e-01	8.793943e-01	3.195556e-02	1.945062e-02
0.620000	9.907707e-01	8.943824e-01	2.604896e-02	1.628575e-02
0.630000	9.923469e-01	9.079950e-01	2.101459e-02	1.348058e-02
0.640000	9.936864e-01	9.202887e-01	1.677046e-02	1.102706e-02
0.650000	9.948194e-01	9.313282e-01	1.323278e-02	8.909759e-03
0.660000	9.957734e-01	9.411838e-01	1.031828e-02	7.107389e-03
0.670000	9.965724e-01	9.499307e-01	7.946204e-03	5.594386e-03
0.680000	9.972381e-01	9.576465e-01	6.039875e-03	4.342373e-03
0.690000	9.977897e-01	9.644104e-01	4.527975e-03	3.321539e-03
0.700000	9.982439e-01	9.703020e-01	3.345399e-03	2.501855e-03
0.710000	9.986155e-01	9.753995e-01	2.433792e-03	1.854093e-03
0.720000	9.989175e-01	9.797797e-01	1.741781e-03	1.350647e-03
0.730000	9.991611e-01	9.835161e-01	1.224938e-03	9.661422e-04
0.740000	9.993561e-01	9.866793e-01	8.455279e-04	6.778315e-04
0.750000	9.995108e-01	9.893358e-01	5.720777e-04	4.658163e-04
0.760000	9.996325e-01	9.915479e-01	3.788296e-04	3.130964e-04
0.770000	9.997273e-01	9.933732e-01	2.451089e-04	2.054875e-04
0.780000	9.998002e-01	9.948648e-01	1.546558e-04	1.314351e-04
0.790000	9.998558e-01	9.960710e-01	9.495408e-05	8.175474e-05
0.800000	9.998975e-01	9.970355e-01	5.658624e-05	4.932953e-05
0.810000	9.999285e-01	9.977971e-01	3.263615e-05	2.879003e-05
0.820000	9.999510e-01	9.983904e-01	1.815579e-05	1.619805e-05
0.830000	9.999672e-01	9.988458e-01	9.703914e-06	8.751091e-06
0.840000	9.999785e-01	9.991895e-01	4.959875e-06	4.518803e-06
0.850000	9.999863e-01	9.994442e-01	2.410868e-06	2.217883e-06
0.860000	9.999916e-01	9.996289e-01	1.106994e-06	1.027787e-06
0.870000	9.999950e-01	9.997598e-01	4.762480e-07	4.460334e-07
0.880000	9.999971e-01	9.998500e-01	1.900361e-07	1.794463e-07
0.890000	9.999984e-01	9.999101e-01	6.944037e-08	6.607925e-08
0.900000	9.999992e-01	9.999488e-01	2.285831e-08	2.191009e-08
0.910000	9.999996e-01	9.999725e-01	6.634081e-09	6.402069e-09
0.920000	9.999998e-01	9.999863e-01	1.648865e-09	1.601238e-09
0.930000	9.999999e-01	9.999938e-01	3.369640e-10	3.291354e-10
0.940000	1.000000e+00	9.999975e-01	5.335334e-11	5.239085e-11
0.950000	1.000000e+00	9.999992e-01	5.970506e-12	5.890882e-12
0.960000	1.000000e+00	9.999998e-01	4.050177e-13	4.013050e-13
0.970000	1.000000e+00	1.000000e+00	1.250171e-14	1.243171e-14
0.980000	1.000000e+00	1.000000e+00	9.239367e-17	9.214041e-17
0.990000	1.000000e+00	1.000000e+00	2.118671e-20	2.117042e-20
1.000000	1.000000e+00	1.000000e+00	1.477512e-178	1.477512e-178
