n = 6
t = 1
-1 0 -1 -1 0 -1 
t = 2
-1 0 0 -1 0 0 

n = 7
t = 1
0 0 0 0 0 0 0 
t = 2
-1 0 0 -1 0 0 0 

n = 8
t = 1
-1 0 -1 -1 -1 0 -1 -1 
t = 2
-1 0 0 -1 -1 0 0 -1 
t = 3
-2 -1 0 -1 -2 -1 0 -1 

n = 9
t = 1
0 0 0 0 0 0 0 0 0 
t = 2
-1 0 0 -1 -1 0 0 0 -1 
t = 3
-1 0 0 0 -1 -1 0 0 -1 

n = 10
t = 1
-1 0 -1 -1 -1 -1 0 -1 -1 -1 
t = 2
-1 0 0 -1 -1 -1 0 0 -1 -1 
t = 3
-2 -1 0 -1 -2 -2 -1 0 -1 -2 
t = 4
-2 -1 0 0 -1 -2 -1 0 0 -1 

n = 11
t = 1
0 0 0 0 0 0 0 0 0 0 0 
t = 2
-1 0 0 -1 -1 -1 0 0 0 -1 -1 
t = 3
-1 0 0 0 -1 -1 -1 0 0 -1 -1 
t = 4
-2 -1 0 0 -1 -2 -1 0 0 0 -1 

n = 12
t = 1
-1 0 -1 -1 -1 -1 -1 0 -1 -1 -1 -1 
t = 2
-1 0 0 -1 -1 -1 -1 0 0 -1 -1 -1 
t = 3
-2 -1 0 -1 -2 -2 -2 -1 0 -1 -2 -2 
t = 4
-2 -1 0 0 -1 -2 -2 -1 0 0 -1 -2 
t = 5
-3 -2 -1 0 -1 -2 -3 -2 -1 0 -1 -2 

n = 13
t = 1
0 0 0 0 0 0 0 0 0 0 0 0 0 
t = 2
-1 0 0 -1 -1 -1 -1 0 0 0 -1 -1 -1 
t = 3
-1 0 0 0 -1 -1 -1 -1 0 0 -1 -1 -1 
t = 4
-2 -1 0 0 -1 -2 -2 -1 0 0 0 -1 -2 
t = 5
-2 -1 0 0 0 -1 -2 -2 -1 0 0 -1 -2 

n = 14
t = 1
-1 0 -1 -1 -1 -1 -1 -1 0 -1 -1 -1 -1 -1 
t = 2
-1 0 0 -1 -1 -1 -1 -1 0 0 -1 -1 -1 -1 
t = 3
-2 -1 0 -1 -2 -2 -2 -2 -1 0 -1 -2 -2 -2 
t = 4
-2 -1 0 0 -1 -2 -2 -2 -1 0 0 -1 -2 -2 
t = 5
-3 -2 -1 0 -1 -2 -3 -3 -2 -1 0 -1 -2 -3 
t = 6
-3 -2 -1 0 0 -1 -2 -3 -2 -1 0 0 -1 -2 

n = 15
t = 1
0 0 0 0 0 0 0 0 0 0 0 0 0 0 0 
t = 2
-1 0 0 -1 -1 -1 -1 -1 0 0 0 -1 -1 -1 -1 
t = 3
-1 0 0 0 -1 -1 -1 -1 -1 0 0 -1 -1 -1 -1 
t = 4
-2 -1 0 0 -1 -2 -2 -2 -1 0 0 0 -1 -2 -2 
t = 5
-2 -1 0 0 0 -1 -2 -2 -2 -1 0 0 -1 -2 -2 
t = 6
-3 -2 -1 0 0 -1 -2 -3 -2 -1 0 0 0 -1 -2 

n = 16
t = 1
-1 0 -1 -1 -1 -1 -1 -1 -1 0 -1 -1 -1 -1 -1 -1 
t = 2
-1 0 0 -1 -1 -1 -1 -1 -1 0 0 -1 -1 -1 -1 -1 
t = 3
-2 -1 0 -1 -2 -2 -2 -2 -2 -1 0 -1 -2 -2 -2 -2 
t = 4
-2 -1 0 0 -1 -2 -2 -2 -2 -1 0 0 -1 -2 -2 -2 
t = 5
-3 -2 -1 0 -1 -2 -3 -3 -3 -2 -1 0 -1 -2 -3 -3 
t = 6
-3 -2 -1 0 0 -1 -2 -3 -3 -2 -1 0 0 -1 -2 -3 
t = 7
-4 -3 -2 -1 0 -1 -2 -3 -4 -3 -2 -1 0 -1 -2 -3 

n = 17
t = 1
0 0 0 0 0 0 0 0 0 0 0 0 0 0 0 0 0 
t = 2
-1 0 0 -1 -1 -1 -1 -1 -1 0 0 0 -1 -1 -1 -1 -1 
t = 3
-1 0 0 0 -1 -1 -1 -1 -1 -1 0 0 -1 -1 -1 -1 -1 
t = 4
-2 -1 0 0 -1 -2 -2 -2 -2 -1 0 0 0 -1 -2 -2 -2 
t = 5
-2 -1 0 0 0 -1 -2 -2 -2 -2 -1 0 0 -1 -2 -2 -2 
t = 6
-3 -2 -1 0 0 -1 -2 -3 -3 -2 -1 0 0 0 -1 -2 -3 
t = 7
-3 -2 -1 0 0 0 -1 -2 -3 -3 -2 -1 0 0 -1 -2 -3 

n = 18
t = 1
-1 0 -1 -1 -1 -1 -1 -1 -1 -1 0 -1 -1 -1 -1 -1 -1 -1 
t = 2
-1 0 0 -1 -1 -1 -1 -1 -1 -1 0 0 -1 -1 -1 -1 -1 -1 
t = 3
-2 -1 0 -1 -2 -2 -2 -2 -2 -2 -1 0 -1 -2 -2 -2 -2 -2 
t = 4
-2 -1 0 0 -1 -2 -2 -2 -2 -2 -1 0 0 -1 -2 -2 -2 -2 
t = 5
-3 -2 -1 0 -1 -2 -3 -3 -3 -3 -2 -1 0 -1 -2 -3 -3 -3 
t = 6
-3 -2 -1 0 0 -1 -2 -3 -3 -3 -2 -1 0 0 -1 -2 -3 -3 
t = 7
-4 -3 -2 -1 0 -1 -2 -3 -4 -4 -3 -2 -1 0 -1 -2 -3 -4 
t = 8
-4 -3 -2 -1 0 0 -1 -2 -3 -4 -3 -2 -1 0 0 -1 -2 -3 

n = 19
t = 1
0 0 0 0 0 0 0 0 0 0 0 0 0 0 0 0 0 0 0 
t = 2
-1 0 0 -1 -1 -1 -1 -1 -1 -1 0 0 0 -1 -1 -1 -1 -1 -1 
t = 3
-1 0 0 0 -1 -1 -1 -1 -1 -1 -1 0 0 -1 -1 -1 -1 -1 -1 
t = 4
-2 -1 0 0 -1 -2 -2 -2 -2 -2 -1 0 0 0 -1 -2 -2 -2 -2 
t = 5
-2 -1 0 0 0 -1 -2 -2 -2 -2 -2 -1 0 0 -1 -2 -2 -2 -2 
t = 6
-3 -2 -1 0 0 -1 -2 -3 -3 -3 -2 -1 0 0 0 -1 -2 -3 -3 
t = 7
-3 -2 -1 0 0 0 -1 -2 -3 -3 -3 -2 -1 0 0 -1 -2 -3 -3 
t = 8
-4 -3 -2 -1 0 0 -1 -2 -3 -4 -3 -2 -1 0 0 0 -1 -2 -3 

n = 20
t = 1
-1 0 -1 -1 -1 -1 -1 -1 -1 -1 -1 0 -1 -1 -1 -1 -1 -1 -1 -1 
t = 2
-1 0 0 -1 -1 -1 -1 -1 -1 -1 -1 0 0 -1 -1 -1 -1 -1 -1 -1 
t = 3
-2 -1 0 -1 -2 -2 -2 -2 -2 -2 -2 -1 0 -1 -2 -2 -2 -2 -2 -2 
t = 4
-2 -1 0 0 -1 -2 -2 -2 -2 -2 -2 -1 0 0 -1 -2 -2 -2 -2 -2 
t = 5
-3 -2 -1 0 -1 -2 -3 -3 -3 -3 -3 -2 -1 0 -1 -2 -3 -3 -3 -3 
t = 6
-3 -2 -1 0 0 -1 -2 -3 -3 -3 -3 -2 -1 0 0 -1 -2 -3 -3 -3 
t = 7
-4 -3 -2 -1 0 -1 -2 -3 -4 -4 -4 -3 -2 -1 0 -1 -2 -3 -4 -4 
t = 8
-4 -3 -2 -1 0 0 -1 -2 -3 -4 -4 -3 -2 -1 0 0 -1 -2 -3 -4 
t = 9
-5 -4 -3 -2 -1 0 -1 -2 -3 -4 -5 -4 -3 -2 -1 0 -1 -2 -3 -4 

n = 21
t = 1
0 0 0 0 0 0 0 0 0 0 0 0 0 0 0 0 0 0 0 0 0 
t = 2
-1 0 0 -1 -1 -1 -1 -1 -1 -1 -1 0 0 0 -1 -1 -1 -1 -1 -1 -1 
t = 3
-1 0 0 0 -1 -1 -1 -1 -1 -1 -1 -1 0 0 -1 -1 -1 -1 -1 -1 -1 
t = 4
-2 -1 0 0 -1 -2 -2 -2 -2 -2 -2 -1 0 0 0 -1 -2 -2 -2 -2 -2 
t = 5
-2 -1 0 0 0 -1 -2 -2 -2 -2 -2 -2 -1 0 0 -1 -2 -2 -2 -2 -2 
t = 6
-3 -2 -1 0 0 -1 -2 -3 -3 -3 -3 -2 -1 0 0 0 -1 -2 -3 -3 -3 
t = 7
-3 -2 -1 0 0 0 -1 -2 -3 -3 -3 -3 -2 -1 0 0 -1 -2 -3 -3 -3 
t = 8
-4 -3 -2 -1 0 0 -1 -2 -3 -4 -4 -3 -2 -1 0 0 0 -1 -2 -3 -4 
t = 9
-4 -3 -2 -1 0 0 0 -1 -2 -3 -4 -4 -3 -2 -1 0 0 -1 -2 -3 -4 

n = 22
t = 1
-1 0 -1 -1 -1 -1 -1 -1 -1 -1 -1 -1 0 -1 -1 -1 -1 -1 -1 -1 -1 -1 
t = 2
-1 0 0 -1 -1 -1 -1 -1 -1 -1 -1 -1 0 0 -1 -1 -1 -1 -1 -1 -1 -1 
t = 3
-2 -1 0 -1 -2 -2 -2 -2 -2 -2 -2 -2 -1 0 -1 -2 -2 -2 -2 -2 -2 -2 
t = 4
-2 -1 0 0 -1 -2 -2 -2 -2 -2 -2 -2 -1 0 0 -1 -2 -2 -2 -2 -2 -2 
t = 5
-3 -2 -1 0 -1 -2 -3 -3 -3 -3 -3 -3 -2 -1 0 -1 -2 -3 -3 -3 -3 -3 
t = 6
-3 -2 -1 0 0 -1 -2 -3 -3 -3 -3 -3 -2 -1 0 0 -1 -2 -3 -3 -3 -3 
t = 7
-4 -3 -2 -1 0 -1 -2 -3 -4 -4 -4 -4 -3 -2 -1 0 -1 -2 -3 -4 -4 -4 
t = 8
-4 -3 -2 -1 0 0 -1 -2 -3 -4 -4 -4 -3 -2 -1 0 0 -1 -2 -3 -4 -4 
t = 9
-5 -4 -3 -2 -1 0 -1 -2 -3 -4 -5 -5 -4 -3 -2 -1 0 -1 -2 -3 -4 -5 
t = 10
-5 -4 -3 -2 -1 0 0 -1 -2 -3 -4 -5 -4 -3 -2 -1 0 0 -1 -2 -3 -4 

n = 23
t = 1
0 0 0 0 0 0 0 0 0 0 0 0 0 0 0 0 0 0 0 0 0 0 0 
t = 2
-1 0 0 -1 -1 -1 -1 -1 -1 -1 -1 -1 0 0 0 -1 -1 -1 -1 -1 -1 -1 -1 
t = 3
-1 0 0 0 -1 -1 -1 -1 -1 -1 -1 -1 -1 0 0 -1 -1 -1 -1 -1 -1 -1 -1 
t = 4
-2 -1 0 0 -1 -2 -2 -2 -2 -2 -2 -2 -1 0 0 0 -1 -2 -2 -2 -2 -2 -2 
t = 5
-2 -1 0 0 0 -1 -2 -2 -2 -2 -2 -2 -2 -1 0 0 -1 -2 -2 -2 -2 -2 -2 
t = 6
-3 -2 -1 0 0 -1 -2 -3 -3 -3 -3 -3 -2 -1 0 0 0 -1 -2 -3 -3 -3 -3 
t = 7
-3 -2 -1 0 0 0 -1 -2 -3 -3 -3 -3 -3 -2 -1 0 0 -1 -2 -3 -3 -3 -3 
t = 8
-4 -3 -2 -1 0 0 -1 -2 -3 -4 -4 -4 -3 -2 -1 0 0 0 -1 -2 -3 -4 -4 
t = 9
-4 -3 -2 -1 0 0 0 -1 -2 -3 -4 -4 -4 -3 -2 -1 0 0 -1 -2 -3 -4 -4 
t = 10
-5 -4 -3 -2 -1 0 0 -1 -2 -3 -4 -5 -4 -3 -2 -1 0 0 0 -1 -2 -3 -4 

n = 24
t = 1
-1 0 -1 -1 -1 -1 -1 -1 -1 -1 -1 -1 -1 0 -1 -1 -1 -1 -1 -1 -1 -1 -1 -1 
t = 2
-1 0 0 -1 -1 -1 -1 -1 -1 -1 -1 -1 -1 0 0 -1 -1 -1 -1 -1 -1 -1 -1 -1 
t = 3
-2 -1 0 -1 -2 -2 -2 -2 -2 -2 -2 -2 -2 -1 0 -1 -2 -2 -2 -2 -2 -2 -2 -2 
t = 4
-2 -1 0 0 -1 -2 -2 -2 -2 -2 -2 -2 -2 -1 0 0 -1 -2 -2 -2 -2 -2 -2 -2 
t = 5
-3 -2 -1 0 -1 -2 -3 -3 -3 -3 -3 -3 -3 -2 -1 0 -1 -2 -3 -3 -3 -3 -3 -3 
t = 6
-3 -2 -1 0 0 -1 -2 -3 -3 -3 -3 -3 -3 -2 -1 0 0 -1 -2 -3 -3 -3 -3 -3 
t = 7
-4 -3 -2 -1 0 -1 -2 -3 -4 -4 -4 -4 -4 -3 -2 -1 0 -1 -2 -3 -4 -4 -4 -4 
t = 8
-4 -3 -2 -1 0 0 -1 -2 -3 -4 -4 -4 -4 -3 -2 -1 0 0 -1 -2 -3 -4 -4 -4 
t = 9
-5 -4 -3 -2 -1 0 -1 -2 -3 -4 -5 -5 -5 -4 -3 -2 -1 0 -1 -2 -3 -4 -5 -5 
t = 10
-5 -4 -3 -2 -1 0 0 -1 -2 -3 -4 -5 -5 -4 -3 -2 -1 0 0 -1 -2 -3 -4 -5 
t = 11
-6 -5 -4 -3 -2 -1 0 -1 -2 -3 -4 -5 -6 -5 -4 -3 -2 -1 0 -1 -2 -3 -4 -5 

n = 25
t = 1
0 0 0 0 0 0 0 0 0 0 0 0 0 0 0 0 0 0 0 0 0 0 0 0 0 
t = 2
-1 0 0 -1 -1 -1 -1 -1 -1 -1 -1 -1 -1 0 0 0 -1 -1 -1 -1 -1 -1 -1 -1 -1 
t = 3
-1 0 0 0 -1 -1 -1 -1 -1 -1 -1 -1 -1 -1 0 0 -1 -1 -1 -1 -1 -1 -1 -1 -1 
t = 4
-2 -1 0 0 -1 -2 -2 -2 -2 -2 -2 -2 -2 -1 0 0 0 -1 -2 -2 -2 -2 -2 -2 -2 
t = 5
-2 -1 0 0 0 -1 -2 -2 -2 -2 -2 -2 -2 -2 -1 0 0 -1 -2 -2 -2 -2 -2 -2 -2 
t = 6
-3 -2 -1 0 0 -1 -2 -3 -3 -3 -3 -3 -3 -2 -1 0 0 0 -1 -2 -3 -3 -3 -3 -3 
t = 7
-3 -2 -1 0 0 0 -1 -2 -3 -3 -3 -3 -3 -3 -2 -1 0 0 -1 -2 -3 -3 -3 -3 -3 
t = 8
-4 -3 -2 -1 0 0 -1 -2 -3 -4 -4 -4 -4 -3 -2 -1 0 0 0 -1 -2 -3 -4 -4 -4 
t = 9
-4 -3 -2 -1 0 0 0 -1 -2 -3 -4 -4 -4 -4 -3 -2 -1 0 0 -1 -2 -3 -4 -4 -4 
t = 10
-5 -4 -3 -2 -1 0 0 -1 -2 -3 -4 -5 -5 -4 -3 -2 -1 0 0 0 -1 -2 -3 -4 -5 
t = 11
-5 -4 -3 -2 -1 0 0 0 -1 -2 -3 -4 -5 -5 -4 -3 -2 -1 0 0 -1 -2 -3 -4 -5 

n = 26
t = 1
-1 0 -1 -1 -1 -1 -1 -1 -1 -1 -1 -1 -1 -1 0 -1 -1 -1 -1 -1 -1 -1 -1 -1 -1 -1 
t = 2
-1 0 0 -1 -1 -1 -1 -1 -1 -1 -1 -1 -1 -1 0 0 -1 -1 -1 -1 -1 -1 -1 -1 -1 -1 
t = 3
-2 -1 0 -1 -2 -2 -2 -2 -2 -2 -2 -2 -2 -2 -1 0 -1 -2 -2 -2 -2 -2 -2 -2 -2 -2 
t = 4
-2 -1 0 0 -1 -2 -2 -2 -2 -2 -2 -2 -2 -2 -1 0 0 -1 -2 -2 -2 -2 -2 -2 -2 -2 
t = 5
-3 -2 -1 0 -1 -2 -3 -3 -3 -3 -3 -3 -3 -3 -2 -1 0 -1 -2 -3 -3 -3 -3 -3 -3 -3 
t = 6
-3 -2 -1 0 0 -1 -2 -3 -3 -3 -3 -3 -3 -3 -2 -1 0 0 -1 -2 -3 -3 -3 -3 -3 -3 
t = 7
-4 -3 -2 -1 0 -1 -2 -3 -4 -4 -4 -4 -4 -4 -3 -2 -1 0 -1 -2 -3 -4 -4 -4 -4 -4 
t = 8
-4 -3 -2 -1 0 0 -1 -2 -3 -4 -4 -4 -4 -4 -3 -2 -1 0 0 -1 -2 -3 -4 -4 -4 -4 
t = 9
-5 -4 -3 -2 -1 0 -1 -2 -3 -4 -5 -5 -5 -5 -4 -3 -2 -1 0 -1 -2 -3 -4 -5 -5 -5 
t = 10
-5 -4 -3 -2 -1 0 0 -1 -2 -3 -4 -5 -5 -5 -4 -3 -2 -1 0 0 -1 -2 -3 -4 -5 -5 
t = 11
-6 -5 -4 -3 -2 -1 0 -1 -2 -3 -4 -5 -6 -6 -5 -4 -3 -2 -1 0 -1 -2 -3 -4 -5 -6 
t = 12
-6 -5 -4 -3 -2 -1 0 0 -1 -2 -3 -4 -5 -6 -5 -4 -3 -2 -1 0 0 -1 -2 -3 -4 -5 

n = 27
t = 1
0 0 0 0 0 0 0 0 0 0 0 0 0 0 0 0 0 0 0 0 0 0 0 0 0 0 0 
t = 2
-1 0 0 -1 -1 -1 -1 -1 -1 -1 -1 -1 -1 -1 0 0 0 -1 -1 -1 -1 -1 -1 -1 -1 -1 -1 
t = 3
-1 0 0 0 -1 -1 -1 -1 -1 -1 -1 -1 -1 -1 -1 0 0 -1 -1 -1 -1 -1 -1 -1 -1 -1 -1 
t = 4
-2 -1 0 0 -1 -2 -2 -2 -2 -2 -2 -2 -2 -2 -1 0 0 0 -1 -2 -2 -2 -2 -2 -2 -2 -2 
t = 5
-2 -1 0 0 0 -1 -2 -2 -2 -2 -2 -2 -2 -2 -2 -1 0 0 -1 -2 -2 -2 -2 -2 -2 -2 -2 
t = 6
-3 -2 -1 0 0 -1 -2 -3 -3 -3 -3 -3 -3 -3 -2 -1 0 0 0 -1 -2 -3 -3 -3 -3 -3 -3 
t = 7
-3 -2 -1 0 0 0 -1 -2 -3 -3 -3 -3 -3 -3 -3 -2 -1 0 0 -1 -2 -3 -3 -3 -3 -3 -3 
t = 8
-4 -3 -2 -1 0 0 -1 -2 -3 -4 -4 -4 -4 -4 -3 -2 -1 0 0 0 -1 -2 -3 -4 -4 -4 -4 
t = 9
-4 -3 -2 -1 0 0 0 -1 -2 -3 -4 -4 -4 -4 -4 -3 -2 -1 0 0 -1 -2 -3 -4 -4 -4 -4 
t = 10
-5 -4 -3 -2 -1 0 0 -1 -2 -3 -4 -5 -5 -5 -4 -3 -2 -1 0 0 0 -1 -2 -3 -4 -5 -5 
t = 11
-5 -4 -3 -2 -1 0 0 0 -1 -2 -3 -4 -5 -5 -5 -4 -3 -2 -1 0 0 -1 -2 -3 -4 -5 -5 
t = 12
-6 -5 -4 -3 -2 -1 0 0 -1 -2 -3 -4 -5 -6 -5 -4 -3 -2 -1 0 0 0 -1 -2 -3 -4 -5 

n = 28
t = 1
-1 0 -1 -1 -1 -1 -1 -1 -1 -1 -1 -1 -1 -1 -1 0 -1 -1 -1 -1 -1 -1 -1 -1 -1 -1 -1 -1 
t = 2
-1 0 0 -1 -1 -1 -1 -1 -1 -1 -1 -1 -1 -1 -1 0 0 -1 -1 -1 -1 -1 -1 -1 -1 -1 -1 -1 
t = 3
-2 -1 0 -1 -2 -2 -2 -2 -2 -2 -2 -2 -2 -2 -2 -1 0 -1 -2 -2 -2 -2 -2 -2 -2 -2 -2 -2 
t = 4
-2 -1 0 0 -1 -2 -2 -2 -2 -2 -2 -2 -2 -2 -2 -1 0 0 -1 -2 -2 -2 -2 -2 -2 -2 -2 -2 
t = 5
-3 -2 -1 0 -1 -2 -3 -3 -3 -3 -3 -3 -3 -3 -3 -2 -1 0 -1 -2 -3 -3 -3 -3 -3 -3 -3 -3 
t = 6
-3 -2 -1 0 0 -1 -2 -3 -3 -3 -3 -3 -3 -3 -3 -2 -1 0 0 -1 -2 -3 -3 -3 -3 -3 -3 -3 
t = 7
-4 -3 -2 -1 0 -1 -2 -3 -4 -4 -4 -4 -4 -4 -4 -3 -2 -1 0 -1 -2 -3 -4 -4 -4 -4 -4 -4 
t = 8
-4 -3 -2 -1 0 0 -1 -2 -3 -4 -4 -4 -4 -4 -4 -3 -2 -1 0 0 -1 -2 -3 -4 -4 -4 -4 -4 
t = 9
-5 -4 -3 -2 -1 0 -1 -2 -3 -4 -5 -5 -5 -5 -5 -4 -3 -2 -1 0 -1 -2 -3 -4 -5 -5 -5 -5 
t = 10
-5 -4 -3 -2 -1 0 0 -1 -2 -3 -4 -5 -5 -5 -5 -4 -3 -2 -1 0 0 -1 -2 -3 -4 -5 -5 -5 
t = 11
-6 -5 -4 -3 -2 -1 0 -1 -2 -3 -4 -5 -6 -6 -6 -5 -4 -3 -2 -1 0 -1 -2 -3 -4 -5 -6 -6 
t = 12
-6 -5 -4 -3 -2 -1 0 0 -1 -2 -3 -4 -5 -6 -6 -5 -4 -3 -2 -1 0 0 -1 -2 -3 -4 -5 -6 
t = 13
-7 -6 -5 -4 -3 -2 -1 0 -1 -2 -3 -4 -5 -6 -7 -6 -5 -4 -3 -2 -1 0 -1 -2 -3 -4 -5 -6 

n = 29
t = 1
0 0 0 0 0 0 0 0 0 0 0 0 0 0 0 0 0 0 0 0 0 0 0 0 0 0 0 0 0 
t = 2
-1 0 0 -1 -1 -1 -1 -1 -1 -1 -1 -1 -1 -1 -1 0 0 0 -1 -1 -1 -1 -1 -1 -1 -1 -1 -1 -1 
t = 3
-1 0 0 0 -1 -1 -1 -1 -1 -1 -1 -1 -1 -1 -1 -1 0 0 -1 -1 -1 -1 -1 -1 -1 -1 -1 -1 -1 
t = 4
-2 -1 0 0 -1 -2 -2 -2 -2 -2 -2 -2 -2 -2 -2 -1 0 0 0 -1 -2 -2 -2 -2 -2 -2 -2 -2 -2 
t = 5
-2 -1 0 0 0 -1 -2 -2 -2 -2 -2 -2 -2 -2 -2 -2 -1 0 0 -1 -2 -2 -2 -2 -2 -2 -2 -2 -2 
t = 6
-3 -2 -1 0 0 -1 -2 -3 -3 -3 -3 -3 -3 -3 -3 -2 -1 0 0 0 -1 -2 -3 -3 -3 -3 -3 -3 -3 
t = 7
-3 -2 -1 0 0 0 -1 -2 -3 -3 -3 -3 -3 -3 -3 -3 -2 -1 0 0 -1 -2 -3 -3 -3 -3 -3 -3 -3 
t = 8
-4 -3 -2 -1 0 0 -1 -2 -3 -4 -4 -4 -4 -4 -4 -3 -2 -1 0 0 0 -1 -2 -3 -4 -4 -4 -4 -4 
t = 9
-4 -3 -2 -1 0 0 0 -1 -2 -3 -4 -4 -4 -4 -4 -4 -3 -2 -1 0 0 -1 -2 -3 -4 -4 -4 -4 -4 
t = 10
-5 -4 -3 -2 -1 0 0 -1 -2 -3 -4 -5 -5 -5 -5 -4 -3 -2 -1 0 0 0 -1 -2 -3 -4 -5 -5 -5 
t = 11
-5 -4 -3 -2 -1 0 0 0 -1 -2 -3 -4 -5 -5 -5 -5 -4 -3 -2 -1 0 0 -1 -2 -3 -4 -5 -5 -5 
t = 12
-6 -5 -4 -3 -2 -1 0 0 -1 -2 -3 -4 -5 -6 -6 -5 -4 -3 -2 -1 0 0 0 -1 -2 -3 -4 -5 -6 
t = 13
-6 -5 -4 -3 -2 -1 0 0 0 -1 -2 -3 -4 -5 -6 -6 -5 -4 -3 -2 -1 0 0 -1 -2 -3 -4 -5 -6 

n = 30
t = 1
-1 0 -1 -1 -1 -1 -1 -1 -1 -1 -1 -1 -1 -1 -1 -1 0 -1 -1 -1 -1 -1 -1 -1 -1 -1 -1 -1 -1 -1 
t = 2
-1 0 0 -1 -1 -1 -1 -1 -1 -1 -1 -1 -1 -1 -1 -1 0 0 -1 -1 -1 -1 -1 -1 -1 -1 -1 -1 -1 -1 
t = 3
-2 -1 0 -1 -2 -2 -2 -2 -2 -2 -2 -2 -2 -2 -2 -2 -1 0 -1 -2 -2 -2 -2 -2 -2 -2 -2 -2 -2 -2 
t = 4
-2 -1 0 0 -1 -2 -2 -2 -2 -2 -2 -2 -2 -2 -2 -2 -1 0 0 -1 -2 -2 -2 -2 -2 -2 -2 -2 -2 -2 
t = 5
-3 -2 -1 0 -1 -2 -3 -3 -3 -3 -3 -3 -3 -3 -3 -3 -2 -1 0 -1 -2 -3 -3 -3 -3 -3 -3 -3 -3 -3 
t = 6
-3 -2 -1 0 0 -1 -2 -3 -3 -3 -3 -3 -3 -3 -3 -3 -2 -1 0 0 -1 -2 -3 -3 -3 -3 -3 -3 -3 -3 
t = 7
-4 -3 -2 -1 0 -1 -2 -3 -4 -4 -4 -4 -4 -4 -4 -4 -3 -2 -1 0 -1 -2 -3 -4 -4 -4 -4 -4 -4 -4 
t = 8
-4 -3 -2 -1 0 0 -1 -2 -3 -4 -4 -4 -4 -4 -4 -4 -3 -2 -1 0 0 -1 -2 -3 -4 -4 -4 -4 -4 -4 
t = 9
-5 -4 -3 -2 -1 0 -1 -2 -3 -4 -5 -5 -5 -5 -5 -5 -4 -3 -2 -1 0 -1 -2 -3 -4 -5 -5 -5 -5 -5 
t = 10
-5 -4 -3 -2 -1 0 0 -1 -2 -3 -4 -5 -5 -5 -5 -5 -4 -3 -2 -1 0 0 -1 -2 -3 -4 -5 -5 -5 -5 
t = 11
-6 -5 -4 -3 -2 -1 0 -1 -2 -3 -4 -5 -6 -6 -6 -6 -5 -4 -3 -2 -1 0 -1 -2 -3 -4 -5 -6 -6 -6 
t = 12
-6 -5 -4 -3 -2 -1 0 0 -1 -2 -3 -4 -5 -6 -6 -6 -5 -4 -3 -2 -1 0 0 -1 -2 -3 -4 -5 -6 -6 
t = 13
-7 -6 -5 -4 -3 -2 -1 0 -1 -2 -3 -4 -5 -6 -7 -7 -6 -5 -4 -3 -2 -1 0 -1 -2 -3 -4 -5 -6 -7 
t = 14
-7 -6 -5 -4 -3 -2 -1 0 0 -1 -2 -3 -4 -5 -6 -7 -6 -5 -4 -3 -2 -1 0 0 -1 -2 -3 -4 -5 -6 

n = 31
t = 1
0 0 0 0 0 0 0 0 0 0 0 0 0 0 0 0 0 0 0 0 0 0 0 0 0 0 0 0 0 0 0 
t = 2
-1 0 0 -1 -1 -1 -1 -1 -1 -1 -1 -1 -1 -1 -1 -1 0 0 0 -1 -1 -1 -1 -1 -1 -1 -1 -1 -1 -1 -1 
t = 3
-1 0 0 0 -1 -1 -1 -1 -1 -1 -1 -1 -1 -1 -1 -1 -1 0 0 -1 -1 -1 -1 -1 -1 -1 -1 -1 -1 -1 -1 
t = 4
-2 -1 0 0 -1 -2 -2 -2 -2 -2 -2 -2 -2 -2 -2 -2 -1 0 0 0 -1 -2 -2 -2 -2 -2 -2 -2 -2 -2 -2 
t = 5
-2 -1 0 0 0 -1 -2 -2 -2 -2 -2 -2 -2 -2 -2 -2 -2 -1 0 0 -1 -2 -2 -2 -2 -2 -2 -2 -2 -2 -2 
t = 6
-3 -2 -1 0 0 -1 -2 -3 -3 -3 -3 -3 -3 -3 -3 -3 -2 -1 0 0 0 -1 -2 -3 -3 -3 -3 -3 -3 -3 -3 
t = 7
-3 -2 -1 0 0 0 -1 -2 -3 -3 -3 -3 -3 -3 -3 -3 -3 -2 -1 0 0 -1 -2 -3 -3 -3 -3 -3 -3 -3 -3 
t = 8
-4 -3 -2 -1 0 0 -1 -2 -3 -4 -4 -4 -4 -4 -4 -4 -3 -2 -1 0 0 0 -1 -2 -3 -4 -4 -4 -4 -4 -4 
t = 9
-4 -3 -2 -1 0 0 0 -1 -2 -3 -4 -4 -4 -4 -4 -4 -4 -3 -2 -1 0 0 -1 -2 -3 -4 -4 -4 -4 -4 -4 
t = 10
-5 -4 -3 -2 -1 0 0 -1 -2 -3 -4 -5 -5 -5 -5 -5 -4 -3 -2 -1 0 0 0 -1 -2 -3 -4 -5 -5 -5 -5 
t = 11
-5 -4 -3 -2 -1 0 0 0 -1 -2 -3 -4 -5 -5 -5 -5 -5 -4 -3 -2 -1 0 0 -1 -2 -3 -4 -5 -5 -5 -5 
t = 12
-6 -5 -4 -3 -2 -1 0 0 -1 -2 -3 -4 -5 -6 -6 -6 -5 -4 -3 -2 -1 0 0 0 -1 -2 -3 -4 -5 -6 -6 
t = 13
-6 -5 -4 -3 -2 -1 0 0 0 -1 -2 -3 -4 -5 -6 -6 -6 -5 -4 -3 -2 -1 0 0 -1 -2 -3 -4 -5 -6 -6 
t = 14
-7 -6 -5 -4 -3 -2 -1 0 0 -1 -2 -3 -4 -5 -6 -7 -6 -5 -4 -3 -2 -1 0 0 0 -1 -2 -3 -4 -5 -6 

n = 32
t = 1
-1 0 -1 -1 -1 -1 -1 -1 -1 -1 -1 -1 -1 -1 -1 -1 -1 0 -1 -1 -1 -1 -1 -1 -1 -1 -1 -1 -1 -1 -1 -1 
t = 2
-1 0 0 -1 -1 -1 -1 -1 -1 -1 -1 -1 -1 -1 -1 -1 -1 0 0 -1 -1 -1 -1 -1 -1 -1 -1 -1 -1 -1 -1 -1 
t = 3
-2 -1 0 -1 -2 -2 -2 -2 -2 -2 -2 -2 -2 -2 -2 -2 -2 -1 0 -1 -2 -2 -2 -2 -2 -2 -2 -2 -2 -2 -2 -2 
t = 4
-2 -1 0 0 -1 -2 -2 -2 -2 -2 -2 -2 -2 -2 -2 -2 -2 -1 0 0 -1 -2 -2 -2 -2 -2 -2 -2 -2 -2 -2 -2 
t = 5
-3 -2 -1 0 -1 -2 -3 -3 -3 -3 -3 -3 -3 -3 -3 -3 -3 -2 -1 0 -1 -2 -3 -3 -3 -3 -3 -3 -3 -3 -3 -3 
t = 6
-3 -2 -1 0 0 -1 -2 -3 -3 -3 -3 -3 -3 -3 -3 -3 -3 -2 -1 0 0 -1 -2 -3 -3 -3 -3 -3 -3 -3 -3 -3 
t = 7
-4 -3 -2 -1 0 -1 -2 -3 -4 -4 -4 -4 -4 -4 -4 -4 -4 -3 -2 -1 0 -1 -2 -3 -4 -4 -4 -4 -4 -4 -4 -4 
t = 8
-4 -3 -2 -1 0 0 -1 -2 -3 -4 -4 -4 -4 -4 -4 -4 -4 -3 -2 -1 0 0 -1 -2 -3 -4 -4 -4 -4 -4 -4 -4 
t = 9
-5 -4 -3 -2 -1 0 -1 -2 -3 -4 -5 -5 -5 -5 -5 -5 -5 -4 -3 -2 -1 0 -1 -2 -3 -4 -5 -5 -5 -5 -5 -5 
t = 10
-5 -4 -3 -2 -1 0 0 -1 -2 -3 -4 -5 -5 -5 -5 -5 -5 -4 -3 -2 -1 0 0 -1 -2 -3 -4 -5 -5 -5 -5 -5 
t = 11
-6 -5 -4 -3 -2 -1 0 -1 -2 -3 -4 -5 -6 -6 -6 -6 -6 -5 -4 -3 -2 -1 0 -1 -2 -3 -4 -5 -6 -6 -6 -6 
t = 12
-6 -5 -4 -3 -2 -1 0 0 -1 -2 -3 -4 -5 -6 -6 -6 -6 -5 -4 -3 -2 -1 0 0 -1 -2 -3 -4 -5 -6 -6 -6 
t = 13
-7 -6 -5 -4 -3 -2 -1 0 -1 -2 -3 -4 -5 -6 -7 -7 -7 -6 -5 -4 -3 -2 -1 0 -1 -2 -3 -4 -5 -6 -7 -7 
t = 14
-7 -6 -5 -4 -3 -2 -1 0 0 -1 -2 -3 -4 -5 -6 -7 -7 -6 -5 -4 -3 -2 -1 0 0 -1 -2 -3 -4 -5 -6 -7 
t = 15
-8 -7 -6 -5 -4 -3 -2 -1 0 -1 -2 -3 -4 -5 -6 -7 -8 -7 -6 -5 -4 -3 -2 -1 0 -1 -2 -3 -4 -5 -6 -7 
